a = 0.1838;
b = 0.1838;
Jxx = 0.0040;
Jyy = 0.0049;
Jzz = 0.0089;
m = 0.52;
% Jxx = 7.999999840587227e-06;
% Jyy = 0.0009039999819863563;
% Jzz = 0.0009039999819863563;
% m = 0.11999999731779099;
g = 9.81;
rT = 0.001;
rD = 0.00001;
rD_vz = 0.00001;
model_params = [a b Jxx Jyy Jzz m g rT rD rD_vz];